[ 0.02280936  0.10108434 -4.25764699]
[-0.0157555   0.11769691 -5.29450106]
[-0.02421328  0.14945502 -6.36834821]
[-9.63935654e-04  1.45756738e-01 -7.42902695e+00]
[-0.0655892   0.15747056 -8.53569339]
[-0.09330101  0.17092402 -9.54637621]
[ -0.10507712   0.20613727 -10.63467819]
[ -0.0682599    0.21826489 -11.65841095]
[ -0.05050544   0.23236175 -12.70870313]
[ -0.10179827   0.26403117 -13.77652286]
[ -0.15212707   0.26479156 -14.76391589]
[ -0.08255047   0.26810226 -15.77896958]
[-1.65985862e-02  3.34535633e-01 -1.67552717e+01]
[ 6.83199568e-03  3.60720905e-01 -1.78043389e+01]
[-4.32534134e-03  3.77373844e-01 -1.87961488e+01]
[ -0.06358596   0.42971388 -19.84103443]
[ -0.14817126   0.40587659 -21.04091477]
[ -0.20908248   0.41674722 -22.1785776 ]
[ -0.1193058    0.50180759 -23.16248577]
[ -0.13193167   0.50267149 -24.21964159]
[ -0.13969495   0.56390954 -25.28028429]
[ -0.12680837   0.55784797 -26.30078161]
[ -0.12499897   0.59982646 -27.34119046]
[ -0.11327936   0.64433314 -28.38861668]
[ -0.08662561   0.73941676 -29.44325712]
[ -0.06352217   0.84981713 -30.51123293]
[ -0.04343229   0.9798228  -31.55971125]
[ 3.24949965e-02  9.94930914e-01 -3.25863921e+01]
[  0.09306432   0.99710131 -33.65596647]
[  0.10599406   0.98640941 -34.67740139]
[  0.06131983   1.00866911 -35.72586232]
[  0.06527269   0.9742502  -36.7705992 ]
[-1.35890915e-02  9.43538109e-01 -3.77983582e+01]
[ -0.13933634   1.09149537 -38.84661844]
[ -0.12298764   1.08523677 -39.89824915]
[ -0.19867706   1.07359167 -41.01756752]
[ -0.29584885   1.09580266 -42.12809013]
[ -0.3745487    1.05150381 -43.11357825]
[ -0.42530053   1.11572963 -44.20380054]
[ -0.32593647   1.10838169 -45.24333995]
[ -0.49568212   1.62165619 -46.19716586]
[ -0.39730332   1.45600865 -47.20374459]
[ -0.44303628   1.26662825 -48.26313981]
[ -0.39996404   1.17396258 -49.31278412]
[ -0.42099628   1.2308119  -50.321838  ]
[ -0.45497041   1.26314941 -51.41388824]
[ -0.47872056   1.26271418 -52.48121226]
[ -0.59769493   1.28102318 -53.54136236]
[ -0.42871509   1.44582732 -54.53638988]
[ -0.08767545   1.35219323 -55.50462788]
[ -0.07817899   1.15513951 -56.55885828]
[ 4.92599979e-02  1.10339523e+00 -5.75490776e+01]
[  0.22656701   1.14439556 -58.72434491]
[  0.37641135   1.21607861 -59.88166039]
[  0.13606664   1.26703637 -60.80878476]
